4294967279,38
4294967279,37
4294967279,35
4294967279,34
4294967279,33
4294967279,32
4294967279,31
4294967279,30
4294967279,27
4294967279,25
4294967279,22
4294967279,20
4294967279,19
4294967279,17
4294967279,16
4294967279,14
4294967279,13
4294967279,11
4294967279,10
4294967294,522
4294967278,241
4294967278,132
4294967278,131
4294967278,130
4294967278,129
4294967278,128
4294967278,127
4294967278,126
4294967278,125
4294967278,124
4294967278,123
4294967278,122
4294967278,121
4294967278,120
4294967278,119
4294967278,118
4294967278,117
4294967278,116
4294967278,111
4294967278,109
4294967278,108
4294967278,107
4294967278,106
4294967278,105
4294967278,104
4294967278,102
4294967278,99
4294967278,97
4294967278,96
4294967278,95
4294967278,94
4294967278,93
4294967278,92
4294967278,85
4294967278,83
4294967278,82
4294967278,81
4294967278,80
4294967278,79
4294967278,78
4294967278,77
4294967278,76
4294967278,325
4294967278,75
4294967278,74
4294967278,73
4294967278,72
4294967278,71
4294967278,70
4294967278,69
4294967278,68
4294967278,67
4294967278,66
4294967278,88
4294967278,174
4294967278,0
4294967278,322
4294967278,65
4294967278,64
4294967278,63
4294967278,62
4294967278,61
4294967278,60
4294967278,59
4294967278,58
4294967278,57
4294967278,56
4294967278,55
4294967278,54
4294967278,53
4294967278,52
4294967278,51
4294967278,50
4294967278,49
4294967278,48
4294967278,47
4294967279,49
4294967279,47
4294967279,44
4294967279,40
4294967279,36
4294967279,29
4294967279,28
4294967279,26
4294967279,24
4294967279,23
4294967279,21
4294967279,18
4294967279,15
4294967279,12
4294967279,9
4294967279,8
4294967279,7
4294967279,6
4294967279,5
4294967279,4
4294967294,12
4294967294,1177
4294967294,451
4294967294,997
4294967294,421
4294967294,104
4294967294,166
4294967294,24
4294967294,189
4294967294,384
4294967294,68
4294967294,11
4294967294,428
4294967278,115
4294967278,239
4294967278,359
4294967278,114
4294967294,81
4294967294,50
4294967279,551
4294967279,174
4294967278,358
4294967278,113
4294967279,550
4294967279,88
4294967278,112
4294967278,235
4294967278,232
4294967294,187
4294967278,110
4294967278,230
4294967278,231
4294967294,8
4294967278,228
4294967278,226
4294967294,7
4294967278,224
15,8
15,7
4294967278,222
15,6
15,5
4294967278,220
15,4
15,3
15,2
15,1
4294967278,218
4294967278,103
4294967278,217
4294967278,357
4294967294,387
4294967278,356
4294967278,355
4294967278,101
4294967279,549
4294967278,212
4294967278,354
4294967278,100
4294967279,548
4294967278,211
4294967278,210
4294967278,353
4294967278,98
4294967279,547
4294967278,209
4294967278,207
4294967278,203
14,8
4294967278,206
14,7
14,6
4294967278,205
14,5
14,4
4294967278,204
14,2
14,1
4294967278,352
4294967278,91
4294967279,546
4294967294,521
4294967294,1003
4294967294,186
0,5
4294967278,351
4294967278,90
4294967278,350
4294967278,89
4294967294,523
4294967279,545
4294967279,544
4294967278,349
4294967278,87
4294967294,22
4294967279,543
4294967278,348
4294967278,86
4294967278,198
4294967294,439
4294967294,46
4294967294,393
4294967294,1
4294967294,2
4294967294,0
4294967294,390
4294967294,1018
4294967294,28
4294967294,1017
4294967294,27
4294967294,25
4294967294,92
4294967294,88
4294967294,86
4294967294,89
4294967294,102
4294967294,36
4294967279,542
4294967279,260
4294967279,0
4294967278,197
4294967278,347
4294967278,260
4294967278,84
4294967278,196
4294967278,195
4294967294,6
4294967294,94
4294967294,96
4294967278,194
13,8
13,7
4294967278,193
13,6
13,5
4294967278,192
13,4
13,2
13,1
4294967294,9
4294967278,191
0,7
4294967294,17
4294967294,39
4294967294,42
4294967294,67
4294967294,99
4294967294,424
4294967294,51
4294967294,470
4294967294,26
4294967294,1099
4294967294,82
4294967294,1413
4294967294,93
4294967294,95
4294967278,346
4294967278,345
4294967279,541
4294967278,344
4294967279,540
12,8
12,7
12,6
12,5
12,4
12,2
12,1
11,5
11,4
11,3
11,2
11,1
4294967279,539
4294967278,343
4294967279,538
4294967279,537
4294967278,342
4294967278,341
4294967279,536
4294967294,1414
4294967279,535
10,8
10,7
